2.220446049250313081e-16 4.083795415701345632e-01 -9.128122205727563498e-01 2.500000000000000000e+00
9.999999999999997780e-01 -2.220446049250313081e-16 0.000000000000000000e+00 -6.099999999999999867e-01
0.000000000000000000e+00 -9.128122205727563498e-01 -4.083795415701347853e-01 1.889999999999999902e+00
0.000000000000000000e+00 0.000000000000000000e+00 0.000000000000000000e+00 1.000000000000000000e+00
-7.472177143050817705e-04 4.083091641868996646e-01 -9.128433973616081332e-01 2.499000000000000110e+00
9.999997099892434793e-01 4.395263020305906210e-04 -6.219630686103427841e-04 -6.078999999999999959e-01
1.472654620760516231e-04 -9.128435973690263161e-01 -4.083093741946889343e-01 1.889999999999999902e+00
0.000000000000000000e+00 0.000000000000000000e+00 0.000000000000000000e+00 1.000000000000000000e+00
-2.863500477489955287e-03 4.081993217603097079e-01 -9.128883360408537317e-01 2.495899999999999785e+00
9.999959001711269391e-01 1.171111117821865832e-03 -2.613070930419236770e-03 -6.018000000000000016e-01
2.439898158568265529e-06 -9.128920758847525185e-01 -4.082010016901893579e-01 1.889999999999999902e+00
0.000000000000000000e+00 0.000000000000000000e+00 0.000000000000000000e+00 1.000000000000000000e+00
-6.551049696074451312e-03 4.081921389523540111e-01 -9.128725329668878619e-01 2.490800000000000125e+00
9.999785410819588272e-01 2.704743626826489056e-03 -5.966719158020106217e-03 -5.917999999999999927e-01
3.351831000680816075e-05 -9.128920319837474651e-01 -4.082010985006134240e-01 1.889999999999999902e+00
0.000000000000000000e+00 0.000000000000000000e+00 0.000000000000000000e+00 1.000000000000000000e+00
-1.153125732439752582e-02 4.081042026051850957e-01 -9.128625252032775972e-01 2.483699999999999797e+00
9.999335069592731884e-01 4.607240689116776089e-03 -1.057142343119354955e-02 -5.779999999999999583e-01
-1.084649601025833299e-04 -9.129237280020815470e-01 -4.081301937937621971e-01 1.889999999999999902e+00
0.000000000000000000e+00 0.000000000000000000e+00 0.000000000000000000e+00 1.000000000000000000e+00
-1.788611193502676056e-02 4.080657478535945626e-01 -9.127773180949085852e-01 2.474699999999999900e+00
9.998400301615695263e-01 7.269782657519430202e-03 -1.634210349447545729e-02 -5.605999999999999872e-01
-3.295996671043299742e-05 -9.129235979471659324e-01 -4.081304977881972662e-01 1.889999999999999902e+00
0.000000000000000000e+00 0.000000000000000000e+00 0.000000000000000000e+00 1.000000000000000000e+00
-2.545521793584293313e-02 4.078201047950689162e-01 -9.127073978032489432e-01 2.463799999999999990e+00
9.996759633924332533e-01 1.037560117640357049e-02 -2.324467929740464678e-02 -5.396999999999999575e-01
-9.759596635905420925e-06 -9.130033455717276869e-01 -4.079520693409739440e-01 1.889999999999999902e+00
0.000000000000000000e+00 0.000000000000000000e+00 0.000000000000000000e+00 1.000000000000000000e+00
-3.455289394224037025e-02 4.074598931534739732e-01 -9.125691935363453577e-01 2.450899999999999856e+00
9.994028704736518387e-01 1.408455295694110987e-02 -3.155198657815555530e-02 -5.154999999999999583e-01
-3.039946679272986785e-06 -9.131144839719511630e-01 -4.077032488850145797e-01 1.889999999999999902e+00
0.000000000000000000e+00 0.000000000000000000e+00 0.000000000000000000e+00 1.000000000000000000e+00
-4.478547588455517037e-02 4.073309559930045620e-01 -9.121818642352075290e-01 2.436300000000000132e+00
9.989966251847077761e-01 1.831878019861687967e-02 -4.086765422187910168e-02 -4.879999999999999893e-01
6.339840869989954442e-05 -9.130968812682800362e-01 -4.077426656590920628e-01 1.889999999999999902e+00
0.000000000000000000e+00 0.000000000000000000e+00 0.000000000000000000e+00 1.000000000000000000e+00
-5.611201764606843501e-02 4.068882438356170028e-01 -9.117529262382735311e-01 2.419799999999999951e+00
9.984244795899928082e-01 2.287245216988742502e-02 -5.123874985973114748e-02 -4.575000000000000178e-01
5.580249381409441156e-06 -9.131915505303931369e-01 -4.075306025426277401e-01 1.889999999999999902e+00
0.000000000000000000e+00 0.000000000000000000e+00 0.000000000000000000e+00 1.000000000000000000e+00
-6.883866043086706021e-02 4.063577889698894441e-01 -9.111172186791260952e-01 2.401600000000000179e+00
9.976277951607019912e-01 2.790649692925351033e-02 -6.292860837436103916e-02 -4.240999999999999770e-01
-1.454402966982737411e-04 -9.132877831070775887e-01 -4.073148709223366470e-01 1.889999999999999902e+00
0.000000000000000000e+00 0.000000000000000000e+00 0.000000000000000000e+00 1.000000000000000000e+00
-8.274095663691583002e-02 4.056813915069369947e-01 -9.102617989786254693e-01 2.381699999999999928e+00
9.965710878139448781e-01 3.365257048996828093e-02 -7.558816992591121942e-02 -3.877999999999999781e-01
-3.206460255300580542e-05 -9.133948286937108030e-01 -4.070747915155741303e-01 1.889999999999999902e+00
0.000000000000000000e+00 0.000000000000000000e+00 0.000000000000000000e+00 1.000000000000000000e+00
-9.751854159873774019e-02 4.049637468237312632e-01 -9.091174279502840516e-01 2.359999999999999876e+00
9.952337082212450170e-01 3.967322365086423108e-02 -8.908367608792400194e-02 -3.489999999999999769e-01
-8.040205427217728129e-06 -9.134716191998705215e-01 -4.069024463575043882e-01 1.889999999999999902e+00
0.000000000000000000e+00 0.000000000000000000e+00 0.000000000000000000e+00 1.000000000000000000e+00
-1.136850627822408866e-01 4.039560838399419707e-01 -9.076867239465913340e-01 2.336699999999999999e+00
9.935168352433229044e-01 4.616115782087282238e-02 -1.038915087806902005e-01 -3.075999999999999845e-01
-6.773691526090752646e-05 -9.136129540660717918e-01 -4.065850041189125186e-01 1.889999999999999902e+00
0.000000000000000000e+00 0.000000000000000000e+00 0.000000000000000000e+00 1.000000000000000000e+00
-1.307722758558373943e-01 4.027536007564504472e-01 -9.059184008205147798e-01 2.311700000000000088e+00
9.914124326915361163e-01 5.311312889975006168e-02 -1.195005600117808875e-01 -2.637999999999999790e-01
-1.312004172177028138e-05 -9.137661257762801359e-01 -4.062406518452726378e-01 1.889999999999999902e+00
0.000000000000000000e+00 0.000000000000000000e+00 0.000000000000000000e+00 1.000000000000000000e+00
-1.488372465109394360e-01 4.015865706484429976e-01 -9.036457825530226362e-01 2.285200000000000120e+00
9.888617060584379281e-01 6.046138146444268724e-02 -1.360034839355470648e-01 -2.177999999999999936e-01
1.849965775618800379e-05 -9.138230942727558759e-01 -4.061124869189920994e-01 1.889999999999999902e+00
0.000000000000000000e+00 0.000000000000000000e+00 0.000000000000000000e+00 1.000000000000000000e+00
-1.678721492319720232e-01 4.000759397519301763e-01 -9.009762393891684873e-01 2.257000000000000117e+00
9.858087738571903458e-01 6.817834610331918732e-02 -1.534039585825568985e-01 -1.696999999999999897e-01
5.383698835897954282e-05 -9.139425340546449839e-01 -4.058436171080588850e-01 1.889999999999999902e+00
0.000000000000000000e+00 0.000000000000000000e+00 0.000000000000000000e+00 1.000000000000000000e+00
-1.879437597171357277e-01 3.983105376710512346e-01 -8.977894289662724514e-01 2.227399999999999824e+00
9.821797911775445034e-01 7.618898343730362566e-02 -1.718083135509611559e-01 -1.197000000000000008e-01
-3.139781314231981924e-05 -9.140809342629285794e-01 -4.055318047098019907e-01 1.889999999999999902e+00
0.000000000000000000e+00 0.000000000000000000e+00 0.000000000000000000e+00 1.000000000000000000e+00
-2.087807018649181501e-01 3.962038803241049734e-01 -8.941102301981085354e-01 2.196200000000000152e+00
9.779624808264915092e-01 8.452016576071907927e-02 -1.909076417419555693e-01 -6.779999999999999916e-02
-6.800357698810710616e-05 -9.142640902911494116e-01 -4.051187092441062010e-01 1.889999999999999902e+00
0.000000000000000000e+00 0.000000000000000000e+00 0.000000000000000000e+00 1.000000000000000000e+00
-2.304433026778335281e-01 3.939288124012494952e-01 -8.897842294686242326e-01 2.163699999999999957e+00
9.730857537989767714e-01 9.328708813923902721e-02 -2.107169545622249451e-01 -1.430000000000000021e-02
-2.099824160717300714e-06 -9.143946685904520422e-01 -4.048239000466102855e-01 1.889999999999999902e+00
0.000000000000000000e+00 0.000000000000000000e+00 0.000000000000000000e+00 1.000000000000000000e+00
-2.528151856344923454e-01 3.913271091248466949e-01 -8.848432491557968183e-01 2.129599999999999937e+00
9.675145863822989245e-01 1.021758701551511717e-01 -2.312479550083127999e-01 4.070000000000000007e-02
-8.396479103089937723e-05 -9.145617448931635529e-01 -4.044462977057471376e-01 1.889999999999999902e+00
0.000000000000000000e+00 0.000000000000000000e+00 0.000000000000000000e+00 1.000000000000000000e+00
-2.758003749668782589e-01 3.885603749128727080e-01 -8.791785872140527314e-01 2.094199999999999839e+00
9.612149354889054642e-01 1.114597120626815707e-01 -2.522748112276843035e-01 9.719999999999999474e-02
-3.100304914988027960e-05 -9.146570765234762757e-01 -4.042306660860094381e-01 1.889999999999999902e+00
0.000000000000000000e+00 0.000000000000000000e+00 0.000000000000000000e+00 1.000000000000000000e+00
-2.995280116540234294e-01 3.852620787658648238e-01 -8.728436864064447187e-01 2.057500000000000107e+00
9.540875062823189756e-01 1.209265934638282802e-01 -2.740324603933267933e-01 1.549000000000000099e-01
-2.430171691636395792e-05 -9.148496541280641825e-01 -4.037946380911809907e-01 1.889999999999999902e+00
0.000000000000000000e+00 0.000000000000000000e+00 0.000000000000000000e+00 1.000000000000000000e+00
-3.239878882561357809e-01 3.816217810091211970e-01 -8.656769978015796951e-01 2.019400000000000084e+00
9.460612240199572920e-01 1.306000428879088293e-01 -2.964992229391786305e-01 2.137000000000000011e-01
-9.310848590743381337e-05 -9.150455972557339779e-01 -4.033504013555795353e-01 1.889999999999999902e+00
0.000000000000000000e+00 0.000000000000000000e+00 0.000000000000000000e+00 1.000000000000000000e+00
-3.487900268975799856e-01 3.775868313397195974e-01 -8.577725234207583815e-01 1.979999999999999982e+00
9.372008936966894632e-01 1.405668301633292705e-01 -3.192106688567286077e-01 2.735000000000000209e-01
4.461963501145582711e-05 -9.152426733149321425e-01 -4.029030242532616879e-01 1.889999999999999902e+00
0.000000000000000000e+00 0.000000000000000000e+00 0.000000000000000000e+00 1.000000000000000000e+00
-3.740657970011959099e-01 3.734341818722948791e-01 -8.488943935044160893e-01 1.939400000000000013e+00
9.274021628845383614e-01 1.505368058547785770e-01 -3.424381672070468952e-01 3.341999999999999971e-01
-8.826630662750467593e-05 -9.153609025364863871e-01 -4.026343382234660040e-01 1.889999999999999902e+00
0.000000000000000000e+00 0.000000000000000000e+00 0.000000000000000000e+00 1.000000000000000000e+00
-3.998006941754571608e-01 3.686483768165056962e-01 -8.392006787457803041e-01 1.897499999999999964e+00
9.166020971860640021e-01 1.607766817285180005e-01 -3.660484312853645728e-01 3.955000000000000182e-01
-1.925959651138953177e-05 -9.155595190280764184e-01 -4.021825042765354019e-01 1.889999999999999902e+00
0.000000000000000000e+00 0.000000000000000000e+00 0.000000000000000000e+00 1.000000000000000000e+00
-4.258512715379926261e-01 3.635948605811097911e-01 -8.285224631164074260e-01 1.854500000000000037e+00
9.047931739066165102e-01 1.710455218583815107e-01 -3.899906946379431139e-01 4.573999999999999733e-01
-8.355516967567533371e-05 -9.157195022555747466e-01 -4.018181008955871159e-01 1.889999999999999902e+00
0.000000000000000000e+00 0.000000000000000000e+00 0.000000000000000000e+00 1.000000000000000000e+00
-4.520612438631503860e-01 3.578832110401160560e-01 -8.170435967881497508e-01 1.810400000000000009e+00
8.919869003875930957e-01 1.814136310872530577e-01 -4.140633574619612678e-01 5.197000000000000508e-01
3.652170738976945330e-05 -9.159741817929987207e-01 -4.012372078394665365e-01 1.889999999999999902e+00
0.000000000000000000e+00 0.000000000000000000e+00 0.000000000000000000e+00 1.000000000000000000e+00
-4.784594581192960216e-01 3.520206837950177747e-01 -8.044613011927161939e-01 1.765099999999999891e+00
8.781096439400175591e-01 1.917940366202677271e-01 -4.383360591332171596e-01 5.823000000000000398e-01
-1.247900754453024064e-05 -9.161312600808858564e-01 -4.008784281386100212e-01 1.889999999999999902e+00
0.000000000000000000e+00 0.000000000000000000e+00 0.000000000000000000e+00 1.000000000000000000e+00
-5.050164126617346927e-01 3.455824784524130222e-01 -7.909052873315232102e-01 1.718800000000000106e+00
8.631097396778677489e-01 2.021890895181968073e-01 -4.627754848228299300e-01 6.450000000000000178e-01
-1.467907140195734428e-05 -9.163472718715811594e-01 -4.003844116821171362e-01 1.889999999999999902e+00
0.000000000000000000e+00 0.000000000000000000e+00 0.000000000000000000e+00 1.000000000000000000e+00
-5.315189125156014605e-01 3.387565088647209177e-01 -7.763579543870328115e-01 1.671399999999999997e+00
8.470464244312438939e-01 2.125927318332332394e-01 -4.871516039488402172e-01 7.076999999999999957e-01
2.228176204177589881e-05 -9.165415201034097237e-01 -3.999395472193942314e-01 1.889999999999999902e+00
0.000000000000000000e+00 0.000000000000000000e+00 0.000000000000000000e+00 1.000000000000000000e+00
-5.579140368710553410e-01 3.315965573948361778e-01 -7.607730611595917569e-01 1.622999999999999998e+00
8.298987448481173201e-01 2.228911343367014908e-01 -5.114563671845507864e-01 7.702999999999999847e-01
-2.760004140001104389e-05 -9.167132950699427019e-01 -3.995456593184890104e-01 1.889999999999999902e+00
0.000000000000000000e+00 0.000000000000000000e+00 0.000000000000000000e+00 1.000000000000000000e+00
-5.843278617922543772e-01 3.238213628407911049e-01 -7.441106603867631009e-01 1.573600000000000110e+00
8.115176827860817177e-01 2.331411970232879494e-01 -5.358024195317308003e-01 8.326000000000000068e-01
-2.141962579915723808e-05 -9.169432410015796453e-01 -3.990176591614943424e-01 1.889999999999999902e+00
0.000000000000000000e+00 0.000000000000000000e+00 0.000000000000000000e+00 1.000000000000000000e+00
-6.102898624756607493e-01 3.156093527447285663e-01 -7.265927471558555339e-01 1.523300000000000098e+00
7.921781889374504004e-01 2.431750750920248505e-01 -5.597495867133529535e-01 8.944999999999999618e-01
2.704108921508519003e-05 -9.172004248331123710e-01 -3.984261286044600836e-01 1.889999999999999902e+00
0.000000000000000000e+00 0.000000000000000000e+00 0.000000000000000000e+00 1.000000000000000000e+00
-6.361508523174894680e-01 3.071087039158797438e-01 -7.078109472697067250e-01 1.472099999999999964e+00
7.715647043232509716e-01 2.532234188374228312e-01 -5.835801634693050799e-01 9.557999999999999829e-01
1.176032411459582150e-05 -9.173669626334900462e-01 -3.980425300521282517e-01 1.889999999999999902e+00
0.000000000000000000e+00 0.000000000000000000e+00 0.000000000000000000e+00 1.000000000000000000e+00
-6.616236445246699294e-01 2.979541764501535406e-01 -6.880969857089938024e-01 1.419999999999999929e+00
7.498360810298824175e-01 2.629850894988673415e-01 -6.071117642469298081e-01 1.016499999999999959e+00
6.776164118699190553e-05 -9.176394452273631819e-01 -3.974139453657569154e-01 1.889999999999999902e+00
0.000000000000000000e+00 0.000000000000000000e+00 0.000000000000000000e+00 1.000000000000000000e+00
-6.865263357005237932e-01 2.886236722019310807e-01 -6.673664407462250869e-01 1.367099999999999982e+00
7.271049367458193302e-01 2.724696595393465426e-01 -6.301418059376564518e-01 1.076300000000000034e+00
-3.673513957369589633e-05 -9.178543786871560251e-01 -3.969172938728475764e-01 1.889999999999999902e+00
0.000000000000000000e+00 0.000000000000000000e+00 0.000000000000000000e+00 1.000000000000000000e+00
-7.110676860913065500e-01 2.787615073419170697e-01 -6.455034994647338431e-01 1.313399999999999901e+00
7.031235634478718577e-01 2.819344444333115041e-01 -6.527865068814203697e-01 1.135099999999999998e+00
1.791987061861011199e-05 -9.180441117215133451e-01 -3.964782574269815063e-01 1.889999999999999902e+00
0.000000000000000000e+00 0.000000000000000000e+00 0.000000000000000000e+00 1.000000000000000000e+00
-7.348603087736229611e-01 2.685178523540320272e-01 -6.227989158278253168e-01 1.258899999999999908e+00
6.782184932773008823e-01 2.908832457033257990e-01 -6.748382122744435163e-01 1.192800000000000082e+00
-4.433738985787361031e-05 -9.183055593517212012e-01 -3.958723249962273760e-01 1.889999999999999902e+00
0.000000000000000000e+00 0.000000000000000000e+00 0.000000000000000000e+00 1.000000000000000000e+00
-7.579191406385029639e-01 2.578997062197869727e-01 -5.992047377862926849e-01 1.203699999999999992e+00
6.523485082561178983e-01 2.996437276561054741e-01 -6.961717175039292549e-01 1.249300000000000077e+00
5.459836696308784099e-06 -9.185321867022955278e-01 -3.953462051950028533e-01 1.889999999999999902e+00
0.000000000000000000e+00 0.000000000000000000e+00 0.000000000000000000e+00 1.000000000000000000e+00
-7.802967071145093803e-01 2.469543017715598032e-01 -5.745873490625899027e-01 1.147799999999999931e+00
6.254095029340729361e-01 3.080407865232336340e-01 -7.169196799348606097e-01 1.304300000000000015e+00
-5.006005306362748541e-05 -9.187624538882009917e-01 -3.948107784994252523e-01 1.889999999999999902e+00
0.000000000000000000e+00 0.000000000000000000e+00 0.000000000000000000e+00 1.000000000000000000e+00
-8.018798202344111781e-01 2.355739073202018641e-01 -5.490844088942252732e-01 1.091199999999999948e+00
5.974853565191873273e-01 3.160825399017731518e-01 -7.369552745685338246e-01 1.357799999999999896e+00
-5.143896659115521075e-05 -9.190194568991106872e-01 -3.942121702774992187e-01 1.889999999999999902e+00
0.000000000000000000e+00 0.000000000000000000e+00 0.000000000000000000e+00 1.000000000000000000e+00
-8.226045997685231814e-01 2.238212242038131461e-01 -5.227099884597339319e-01 1.034100000000000019e+00
5.686138139615252163e-01 3.238873410100913119e-01 -7.561582644562853117e-01 1.409699999999999953e+00
5.487983920215988576e-05 -9.192393866285973880e-01 -3.936990564617646182e-01 1.889999999999999902e+00
0.000000000000000000e+00 0.000000000000000000e+00 0.000000000000000000e+00 1.000000000000000000e+00
-8.422491220851229254e-01 2.119289903299413913e-01 -4.956838906042552728e-01 9.762999999999999456e-01
5.390885045276093690e-01 3.310659936507609480e-01 -7.744539315764494836e-01 1.459699999999999998e+00
-2.515999647761946179e-05 -9.195006312699115503e-01 -3.930885249676066007e-01 1.889999999999999902e+00
0.000000000000000000e+00 0.000000000000000000e+00 0.000000000000000000e+00 1.000000000000000000e+00
-8.611305946134708567e-01 1.996498599222702175e-01 -4.675404072950991585e-01 9.180000000000000382e-01
5.083838100896501677e-01 3.381322995367257445e-01 -7.919674549176474176e-01 1.507800000000000029e+00
-2.567839227587964679e-05 -9.196773789993006876e-01 -3.926748246292302014e-01 1.889999999999999902e+00
0.000000000000000000e+00 0.000000000000000000e+00 0.000000000000000000e+00 1.000000000000000000e+00
-8.787822873984876271e-01 1.871799387567392170e-01 -4.389821885699982107e-01 8.590999999999999748e-01
4.772228934465471140e-01 3.446124022053493885e-01 -8.083938410309446931e-01 1.553800000000000070e+00
-3.640312702868353512e-05 -9.198945389408951234e-01 -3.921658270445429473e-01 1.889999999999999902e+00
0.000000000000000000e+00 0.000000000000000000e+00 0.000000000000000000e+00 1.000000000000000000e+00
-8.953312134191220295e-01 1.743566785213171710e-01 -4.098557879699364914e-01 7.997999999999999554e-01
4.454009583346721923e-01 3.506263881566344942e-01 -8.238198360338194748e-01 1.597599999999999909e+00
6.776429015722951199e-05 -9.201417741757232927e-01 -3.915853812704881420e-01 1.889999999999999902e+00
0.000000000000000000e+00 0.000000000000000000e+00 0.000000000000000000e+00 1.000000000000000000e+00
-9.108408243659955605e-01 1.614192191266266563e-01 -3.798852831643043659e-01 7.399999999999999911e-01
4.127577878585466098e-01 3.561287866535912672e-01 -8.383336423398263237e-01 1.639000000000000012e+00
-3.507695321580683867e-05 -9.203891150014710254e-01 -3.910036774205792875e-01 1.889999999999999902e+00
0.000000000000000000e+00 0.000000000000000000e+00 0.000000000000000000e+00 1.000000000000000000e+00
-9.251430441312922248e-01 1.482190500967772162e-01 -3.494874262171596691e-01 6.797999999999999599e-01
3.796186874667140665e-01 3.612258825569892862e-01 -8.517074109675065730e-01 1.677799999999999958e+00
4.640563874946934675e-06 -9.206231449183389648e-01 -3.904523338630877527e-01 1.889999999999999902e+00
0.000000000000000000e+00 0.000000000000000000e+00 0.000000000000000000e+00 1.000000000000000000e+00
-9.382115564103385985e-01 1.348648085637793037e-01 -3.187013630801495134e-01 6.191999999999999726e-01
3.460622375153631358e-01 3.657830011221995248e-01 -8.639697470721399153e-01 1.714099999999999957e+00
5.642650541184957014e-05 -9.208769078987115719e-01 -3.898534562049659202e-01 1.889999999999999902e+00
0.000000000000000000e+00 0.000000000000000000e+00 0.000000000000000000e+00 1.000000000000000000e+00
-9.500663686897466986e-01 1.215195338873327896e-01 -2.874141575644516000e-01 5.583000000000000185e-01
3.120479047396547134e-01 3.699354585567747877e-01 -8.750850596656190028e-01 1.747500000000000053e+00
-1.524038802031002504e-05 -9.210758705916652911e-01 -3.893831536950931316e-01 1.889999999999999902e+00
0.000000000000000000e+00 0.000000000000000000e+00 0.000000000000000000e+00 1.000000000000000000e+00
-9.606540616759976503e-01 1.080440915258802648e-01 -2.558715460377656292e-01 4.969999999999999973e-01
2.777476594130378063e-01 3.733399289051919645e-01 -8.851404042159899399e-01 1.778000000000000025e+00
-1.071260397661200070e-04 -9.213814474860094750e-01 -3.886595126233215458e-01 1.889999999999999902e+00
0.000000000000000000e+00 0.000000000000000000e+00 0.000000000000000000e+00 1.000000000000000000e+00
-9.700217248778084667e-01 9.435777053879661203e-02 -2.239519243141909755e-01 4.354999999999999982e-01
2.430182144251100129e-01 3.765327314244752976e-01 -8.939604295625479535e-01 1.805500000000000105e+00
-2.688331363724649758e-05 -9.215854346206714398e-01 -3.881755865227947133e-01 1.889999999999999902e+00
0.000000000000000000e+00 0.000000000000000000e+00 0.000000000000000000e+00 1.000000000000000000e+00
-9.780307807734386349e-01 8.079883532014024705e-02 -1.921648773074995376e-01 3.736999999999999766e-01
2.084605279548984447e-01 3.791356963349687970e-01 -9.015543977206050830e-01 1.829700000000000104e+00
1.201925552730964686e-05 -9.218067432903205294e-01 -3.876497489745486247e-01 1.889999999999999902e+00
0.000000000000000000e+00 0.000000000000000000e+00 0.000000000000000000e+00 1.000000000000000000e+00
-9.848405333811214302e-01 6.712955485871097139e-02 -1.599460742689840509e-01 3.118000000000000216e-01
1.734621681355971445e-01 3.811631353366442543e-01 -9.080889496552838613e-01 1.850600000000000023e+00
5.940190680134294077e-06 -9.220673983634873894e-01 -3.870293436419309785e-01 1.889999999999999902e+00
0.000000000000000000e+00 0.000000000000000000e+00 0.000000000000000000e+00 1.000000000000000000e+00
-9.903688919008514224e-01 5.358707425050526774e-02 -1.276631639446145772e-01 2.495999999999999885e-01
1.384537891367144669e-01 3.827860753265492910e-01 -9.134031797677205633e-01 1.868000000000000105e+00
-7.892252473155891845e-05 -9.222815437865855559e-01 -3.865187547349641095e-01 1.889999999999999902e+00
0.000000000000000000e+00 0.000000000000000000e+00 0.000000000000000000e+00 1.000000000000000000e+00
-9.946201463482275962e-01 4.005911273024698183e-02 -9.553026727428461096e-02 1.872999999999999943e-01
1.035893577645578267e-01 3.837651271571502765e-01 -9.176020772295490069e-01 1.881799999999999917e+00
-9.713988537493611908e-05 -9.225614313775110098e-01 -3.858502246967348004e-01 1.889999999999999902e+00
0.000000000000000000e+00 0.000000000000000000e+00 0.000000000000000000e+00 1.000000000000000000e+00
-9.976229898739363833e-01 2.658263324201759481e-02 -6.357463082792730313e-02 1.250000000000000000e-01
6.890841354984170164e-02 3.845179980466711944e-01 -9.205419815088410340e-01 1.891799999999999926e+00
-2.484010581885881530e-05 -9.227346708496976246e-01 -3.854357619563458792e-01 1.889999999999999902e+00
0.000000000000000000e+00 0.000000000000000000e+00 0.000000000000000000e+00 1.000000000000000000e+00
-9.994105135097537396e-01 1.325984599090436131e-02 -3.166704865420567894e-02 6.250000000000000000e-02
3.433107798516861486e-02 3.846437449276316478e-01 -9.224264559152796084e-01 1.897899999999999920e+00
-5.070055821314659039e-05 -9.229698618981795333e-01 -3.848722274432241353e-01 1.889999999999999902e+00
0.000000000000000000e+00 0.000000000000000000e+00 0.000000000000000000e+00 1.000000000000000000e+00
-1.000000000000000000e+00 0.000000000000000000e+00 0.000000000000000000e+00 0.000000000000000000e+00
0.000000000000000000e+00 3.844105655383078801e-01 -9.231622376930928020e-01 1.899999999999999911e+00
0.000000000000000000e+00 -9.231622376930928020e-01 -3.844105655383078801e-01 1.889999999999999902e+00
0.000000000000000000e+00 0.000000000000000000e+00 0.000000000000000000e+00 1.000000000000000000e+00
-9.994256812842516879e-01 -1.301945749890509076e-02 3.128580054823168477e-02 -6.250000000000000000e-02
-3.388668415948505042e-02 3.835752247021725347e-01 -9.228877177811790622e-01 1.899000000000000021e+00
1.503944263825732208e-05 -9.234178581341775383e-01 -3.837961165159219368e-01 1.889999999999999902e+00
0.000000000000000000e+00 0.000000000000000000e+00 0.000000000000000000e+00 1.000000000000000000e+00
-9.977140405636450993e-01 -2.584385086161051018e-02 6.244028054714913234e-02 -1.250000000000000000e-01
-6.757728467276545581e-02 3.824087556856123893e-01 -9.215187758104751437e-01 1.895899999999999919e+00
-6.211618047606212722e-05 -9.236317658827156718e-01 -3.832810420487244851e-01 1.889999999999999902e+00
0.000000000000000000e+00 0.000000000000000000e+00 0.000000000000000000e+00 1.000000000000000000e+00
-9.949208703069257753e-01 -3.851243524890127223e-02 9.300136643570477979e-02 -1.872999999999999943e-01
-1.006601302628839234e-01 3.806717716558998266e-01 -9.192151763541643872e-01 1.890900000000000025e+00
-1.779968352162708545e-06 -9.239078929176639532e-01 -3.826149571060627474e-01 1.889999999999999902e+00
0.000000000000000000e+00 0.000000000000000000e+00 0.000000000000000000e+00 1.000000000000000000e+00
-9.910492484144775016e-01 -5.096904206397227105e-02 1.233837265127774030e-01 -2.495999999999999885e-01
-1.334967637528801931e-01 3.786305526081062967e-01 -9.158698153663474839e-01 1.883999999999999897e+00
-3.584140785050510258e-05 -9.241434203535513481e-01 -3.820457267561471193e-01 1.889999999999999902e+00
0.000000000000000000e+00 0.000000000000000000e+00 0.000000000000000000e+00 1.000000000000000000e+00
-9.861817342196054215e-01 -6.327114755404894542e-02 1.531089448033856049e-01 -3.118000000000000216e-01
-1.656670919427915833e-01 3.764073298957585356e-01 -9.115217697060036262e-01 1.875099999999999989e+00
4.169929319697285308e-05 -9.242912332635964123e-01 -3.816879803887323064e-01 1.889999999999999902e+00
0.000000000000000000e+00 0.000000000000000000e+00 0.000000000000000000e+00 1.000000000000000000e+00
-9.802930091092396658e-01 -7.533367070703425594e-02 1.826210676492604490e-01 -3.738000000000000211e-01
-1.975490188970439875e-01 3.736499406012613322e-01 -9.062891961297391274e-01 1.864300000000000068e+00
3.774078689540438791e-05 -9.245055759412582619e-01 -3.811685173635871449e-01 1.889999999999999902e+00
0.000000000000000000e+00 0.000000000000000000e+00 0.000000000000000000e+00 1.000000000000000000e+00
-9.734647427216770454e-01 -8.709561735844197072e-02 2.116146216941793279e-01 -4.354999999999999982e-01
-2.288370482936862293e-01 3.704917470805753066e-01 -9.002052380837471945e-01 1.851699999999999902e+00
2.460060935682850669e-06 -9.247433258921821109e-01 -3.805913572479192597e-01 1.889999999999999902e+00
0.000000000000000000e+00 0.000000000000000000e+00 0.000000000000000000e+00 1.000000000000000000e+00
-9.657393323418864695e-01 -9.854864518900682824e-02 2.400743770152462819e-01 -4.969999999999999973e-01
-2.595140423666782992e-01 3.669519788945118099e-01 -8.933077336505643729e-01 1.837299999999999933e+00
-6.150083948644469167e-05 -9.250050863194283490e-01 -3.799547163818786100e-01 1.889999999999999902e+00
0.000000000000000000e+00 0.000000000000000000e+00 0.000000000000000000e+00 1.000000000000000000e+00
-9.571447957478638191e-01 -1.099939196427497101e-01 2.679088979754211675e-01 -5.583000000000000185e-01
-2.896097946958730018e-01 3.632607729902265215e-01 -8.855324825339597750e-01 1.820999999999999952e+00
8.239535537382658426e-05 -9.251718480629248509e-01 -3.795484748524723395e-01 1.889999999999999902e+00
0.000000000000000000e+00 0.000000000000000000e+00 0.000000000000000000e+00 1.000000000000000000e+00
-9.476975252567491070e-01 -1.210106227147101227e-01 2.953401933574767435e-01 -6.191999999999999726e-01
-3.191698603682204816e-01 3.592269428466104975e-01 -8.769758284956369332e-01 1.803099999999999925e+00
2.923635247270572890e-05 -9.253715106503314081e-01 -3.790614282962057047e-01 1.889999999999999902e+00
0.000000000000000000e+00 0.000000000000000000e+00 0.000000000000000000e+00 1.000000000000000000e+00
-9.373915971376552969e-01 -1.318911467697975182e-01 3.223378957235144560e-01 -6.797999999999999599e-01
-3.482771761794296039e-01 3.548626297526570328e-01 -8.676263726728867809e-01 1.783400000000000096e+00
4.656391416260619032e-05 -9.255686032967931354e-01 -3.785799234283635517e-01 1.889999999999999902e+00
0.000000000000000000e+00 0.000000000000000000e+00 0.000000000000000000e+00 1.000000000000000000e+00
-9.263563011525047797e-01 -1.424271382288432863e-01 3.486811058990597623e-01 -7.399999999999999911e-01
-3.766483807745927836e-01 3.502366820992405261e-01 -8.575956295201092594e-01 1.762000000000000011e+00
2.397762933178948508e-05 -9.257692891903777088e-01 -3.780889083496314917e-01 1.889999999999999902e+00
0.000000000000000000e+00 0.000000000000000000e+00 0.000000000000000000e+00 1.000000000000000000e+00
-9.145828766012413791e-01 -1.526624615012474040e-01 3.744760802456944537e-01 -7.997999999999999554e-01
-4.043985168108445993e-01 3.453461649074991424e-01 -8.468753544559388668e-01 1.739000000000000101e+00
-3.780196645830624647e-05 -9.259752692335057045e-01 -3.775841619281035122e-01 1.889999999999999902e+00
0.000000000000000000e+00 0.000000000000000000e+00 0.000000000000000000e+00 1.000000000000000000e+00
-9.020696956311956560e-01 -1.627339417096470842e-01 3.997348226505716418e-01 -8.590999999999999748e-01
-4.315903873420849912e-01 3.402216812475575836e-01 -8.354513421875596757e-01 1.714299999999999935e+00
-4.216339457485673847e-05 -9.261570449036854447e-01 -3.771380733862882417e-01 1.889999999999999902e+00
0.000000000000000000e+00 0.000000000000000000e+00 0.000000000000000000e+00 1.000000000000000000e+00
-8.889681648802300051e-01 -1.725964250359252050e-01 4.242005137836285522e-01 -9.180000000000000382e-01
-4.579689925711827314e-01 3.349060568168575891e-01 -8.234696927942883882e-01 1.688099999999999934e+00
6.060373076566261119e-05 -9.263090235834918751e-01 -3.767646336308462240e-01 1.889999999999999902e+00
0.000000000000000000e+00 0.000000000000000000e+00 0.000000000000000000e+00 1.000000000000000000e+00
-8.751364686215616917e-01 -1.821183441966579553e-01 4.482957394350852720e-01 -9.762999999999999456e-01
-4.838761682392986874e-01 3.291432057500925934e-01 -8.108813747513294867e-01 1.660300000000000109e+00
1.228765078496452112e-04 -9.265514874067277695e-01 -3.761679493068806890e-01 1.889999999999999902e+00
0.000000000000000000e+00 0.000000000000000000e+00 0.000000000000000000e+00 1.000000000000000000e+00
-8.607200240290261428e-01 -1.913613379586955598e-01 4.717434457097743339e-01 -1.034100000000000019e+00
-5.090786108850295921e-01 3.233778492545796857e-01 -7.976626696485494827e-01 1.631000000000000005e+00
9.041483008001560684e-05 -9.267187302230058821e-01 -3.757557542859699673e-01 1.889999999999999902e+00
0.000000000000000000e+00 0.000000000000000000e+00 0.000000000000000000e+00 1.000000000000000000e+00
-8.457433074959224140e-01 -2.002685511985849431e-01 4.945814040445486448e-01 -1.091199999999999948e+00
-5.335899707017781601e-01 3.173721344180050474e-01 -7.839366501583114877e-01 1.600200000000000067e+00
3.150131360479813125e-05 -9.269128522659394465e-01 -3.752766490362647867e-01 1.889999999999999902e+00
0.000000000000000000e+00 0.000000000000000000e+00 0.000000000000000000e+00 1.000000000000000000e+00
-8.301734282995967273e-01 -2.090036256896787015e-01 5.168457829893386979e-01 -1.147799999999999931e+00
-5.575052272388019148e-01 3.111855659823975495e-01 -7.696437261003473695e-01 1.567900000000000071e+00
2.338173913379870683e-05 -9.270819963588891044e-01 -3.748586019828153981e-01 1.889999999999999902e+00
0.000000000000000000e+00 0.000000000000000000e+00 0.000000000000000000e+00 1.000000000000000000e+00
-8.141462358446495129e-01 -2.173610610836873569e-01 5.384422678287436037e-01 -1.203699999999999992e+00
-5.806598889279861453e-01 3.047517623575218826e-01 -7.549572549026349888e-01 1.534299999999999997e+00
7.079949873922686265e-06 -9.272974347341617074e-01 -3.743253497765237636e-01 1.889999999999999902e+00
0.000000000000000000e+00 0.000000000000000000e+00 0.000000000000000000e+00 1.000000000000000000e+00
-7.975621850155338866e-01 -2.256023181922728882e-01 5.594623803791632932e-01 -1.258899999999999908e+00
-6.032367370220992342e-01 2.982955898542349882e-01 -7.396791062213698975e-01 1.499200000000000088e+00
-1.183967452733636350e-05 -9.274283449947959834e-01 -3.740008887155692463e-01 1.889999999999999902e+00
0.000000000000000000e+00 0.000000000000000000e+00 0.000000000000000000e+00 1.000000000000000000e+00
-7.805832444838403106e-01 -2.334665304160024046e-01 5.798130540153386692e-01 -1.313399999999999901e+00
-6.250518353975137442e-01 2.916173425917176765e-01 -7.240645886700602940e-01 1.462800000000000100e+00
-3.869469805239944549e-05 -9.276058994396585433e-01 -3.735602947684109054e-01 1.889999999999999902e+00
0.000000000000000000e+00 0.000000000000000000e+00 0.000000000000000000e+00 1.000000000000000000e+00
-7.631586616137174817e-01 -2.410602896735338507e-01 5.995655042999650242e-01 -1.367099999999999982e+00
-6.462111392130519549e-01 2.848928370412313615e-01 -7.079881601831826687e-01 1.425000000000000044e+00
-1.440865328833917935e-04 -9.277532043302844089e-01 -3.731942806286837611e-01 1.889999999999999902e+00
0.000000000000000000e+00 0.000000000000000000e+00 0.000000000000000000e+00 1.000000000000000000e+00
-7.453640791754622130e-01 -2.485351514543790163e-01 6.185973391200967342e-01 -1.419999999999999929e+00
-6.666576253486232728e-01 2.778687877118726224e-01 -6.916332462946449544e-01 1.385999999999999899e+00
6.280915631873273952e-06 -9.279112108963244454e-01 -3.728012669686987524e-01 1.889999999999999902e+00
0.000000000000000000e+00 0.000000000000000000e+00 0.000000000000000000e+00 1.000000000000000000e+00
-7.271291549794093312e-01 -2.556779767646143453e-01 6.371122068964640839e-01 -1.472099999999999964e+00
-6.865006830940074689e-01 2.707230439101347974e-01 -6.748524621037489402e-01 1.345699999999999896e+00
6.395616199067477581e-05 -9.280828657472263155e-01 -3.723737238528317395e-01 1.889999999999999902e+00
0.000000000000000000e+00 0.000000000000000000e+00 0.000000000000000000e+00 1.000000000000000000e+00
-7.085130500656584562e-01 -2.625586767753560480e-01 6.550360288843908307e-01 -1.523300000000000098e+00
-7.056977089099915057e-01 2.635547602550782909e-01 -6.576698502942625035e-01 1.304200000000000026e+00
3.906209724396925154e-05 -9.282250964054262754e-01 -3.720190437024561980e-01 1.889999999999999902e+00
0.000000000000000000e+00 0.000000000000000000e+00 0.000000000000000000e+00 1.000000000000000000e+00
-6.896866684754389132e-01 -2.690903729537969524e-01 6.722519397598174518e-01 -1.573600000000000110e+00
-7.241079328805644089e-01 2.563366114023268860e-01 -6.402805972339071783e-01 1.261500000000000066e+00
-2.943954192075048937e-05 -9.283759544701486455e-01 -3.716424172439877216e-01 1.889999999999999902e+00
0.000000000000000000e+00 0.000000000000000000e+00 0.000000000000000000e+00 1.000000000000000000e+00
-6.703292868058426945e-01 -2.755658770865463403e-01 6.890007943652121103e-01 -1.622999999999999998e+00
-7.420637705212056456e-01 2.488172148496647917e-01 -6.224398397229307101e-01 1.217600000000000016e+00
8.792168370019837198e-05 -9.285221811997701469e-01 -3.712769199530171482e-01 1.889999999999999902e+00
0.000000000000000000e+00 0.000000000000000000e+00 0.000000000000000000e+00 1.000000000000000000e+00
-6.509274676230544232e-01 -2.815620530492620177e-01 7.049937887503132661e-01 -1.671399999999999997e+00
-7.591399266609555330e-01 2.413526334888699276e-01 -6.045291374757597591e-01 1.172600000000000087e+00
6.035756759004140548e-05 -9.286935536497877841e-01 -3.708480548233905605e-01 1.889999999999999902e+00
0.000000000000000000e+00 0.000000000000000000e+00 0.000000000000000000e+00 1.000000000000000000e+00
-6.311600042393595844e-01 -2.874745347919988037e-01 7.204133819514290105e-01 -1.718800000000000106e+00
-7.756526600530712079e-01 2.339235602043349127e-01 -5.862104732380033489e-01 1.126600000000000046e+00
-1.080040631151746311e-06 -9.287831608225101121e-01 -3.706235828591870618e-01 1.889999999999999902e+00
0.000000000000000000e+00 0.000000000000000000e+00 0.000000000000000000e+00 1.000000000000000000e+00
-6.110745840384119720e-01 -2.929575664960345494e-01 7.353663828153986781e-01 -1.765099999999999891e+00
-7.915730235122081515e-01 2.261964021730527019e-01 -5.676683328244651605e-01 1.079399999999999915e+00
-3.449671073857407677e-05 -9.289838813869097933e-01 -3.701201790409283099e-01 1.889999999999999902e+00
0.000000000000000000e+00 0.000000000000000000e+00 0.000000000000000000e+00 1.000000000000000000e+00
-5.908512807347132689e-01 -2.983496091389548632e-01 7.495880700630057625e-01 -1.810400000000000009e+00
-8.067804910181848310e-01 2.185652218658412638e-01 -5.489394166055049373e-01 1.031300000000000106e+00
-5.802245609048961583e-05 -9.290945885739342325e-01 -3.698421854197088132e-01 1.889999999999999902e+00
0.000000000000000000e+00 0.000000000000000000e+00 0.000000000000000000e+00 1.000000000000000000e+00
-5.704523297298711437e-01 -3.035386305534527596e-01 7.631830968172033103e-01 -1.854500000000000037e+00
-8.213307121899596774e-01 2.108520199614116741e-01 -5.300540414823058377e-01 9.820999999999999730e-01
-2.681969345080803535e-05 -9.291962792865278153e-01 -3.695866256248689918e-01 1.889999999999999902e+00
0.000000000000000000e+00 0.000000000000000000e+00 0.000000000000000000e+00 1.000000000000000000e+00
-5.496901498692123855e-01 -3.083431047428500937e-01 7.763795907249899653e-01 -1.897499999999999964e+00
-8.353686244865373700e-01 2.028751413761910039e-01 -5.108825092279646318e-01 9.320000000000000506e-01
1.897982424686750491e-05 -9.293902338464347102e-01 -3.690986221467588146e-01 1.889999999999999902e+00
0.000000000000000000e+00 0.000000000000000000e+00 0.000000000000000000e+00 1.000000000000000000e+00
-5.290201407360063390e-01 -3.130572772562560946e-01 7.887539742229863204e-01 -1.939400000000000013e+00
-8.486092678056622596e-01 1.951195063371837790e-01 -4.917221663104798246e-01 8.809000000000000163e-01
3.591647982575940645e-05 -9.294748621687587420e-01 -3.688854555365029819e-01 1.889999999999999902e+00
0.000000000000000000e+00 0.000000000000000000e+00 0.000000000000000000e+00 1.000000000000000000e+00
-5.080945485246242121e-01 -3.173572092690492008e-01 8.007023988252565116e-01 -1.979999999999999982e+00
-8.613012935398672854e-01 1.873295514827544306e-01 -4.723004561588122763e-01 8.289999999999999591e-01
-1.072665400410066638e-04 -9.296192988886535780e-01 -3.685212987435842469e-01 1.889999999999999902e+00
0.000000000000000000e+00 0.000000000000000000e+00 0.000000000000000000e+00 1.000000000000000000e+00
-4.870337011635905711e-01 -3.216956516421555778e-01 8.119791140450736133e-01 -2.019400000000000084e+00
-8.733831759061110311e-01 1.793431689166719023e-01 -4.528110597225741829e-01 7.762000000000000011e-01
4.444152123328493076e-05 -9.297031437386099606e-01 -3.683097372423059235e-01 1.889999999999999902e+00
0.000000000000000000e+00 0.000000000000000000e+00 0.000000000000000000e+00 1.000000000000000000e+00
-4.659400965073750012e-01 -3.256107082185271118e-01 8.227256487797902640e-01 -2.057500000000000107e+00
